1 1000
2 1001
3 1002
4 1003
5 1004
6 1005
7 1006
8 1007
9 1008
10 1009
11 1010
12 1011
13 1012
14 1013
15 1014
16 1015
17 1016
18 1017
19 1018
20 1019
21 1020
22 1021
23 1022
24 1023
25 1024
26 1025
27 1026
28 1027
29 1028
30 1029
31 1030
32 1031
33 1032
34 1033
35 1034
36 1035
37 1036
38 1037
39 1038
40 1039
41 1040
42 1041
43 1042
44 1043
45 1044
46 1045
47 1046
48 1047
49 1048
50 1049
51 1050
52 1051
53 1052
54 1053
55 1054
56 1055
57 1056
58 1057
59 1058
60 2000
61 2001
62 2002
63 2003
64 2004
65 2005
66 2006
67 2007
68 2008
69 2009
70 2010
71 2011
72 2012
73 2013
74 2014
75 2015
76 2016
77 2017
78 2018
79 2019
80 2020
81 2021
82 2022
83 2023
84 2024
85 2025
86 2026
87 2027
88 2028
89 2029
90 2030
91 2031
92 2032
93 2033
94 2034
95 2035
96 2036
97 2037
98 2038
99 2039
100 2040
101 2041
102 2042
103 2043
104 2044
105 2045
106 2046
107 2047
108 2048
109 2049
110 2050
111 2051
112 2052
113 2053
114 2054
115 2055
116 2056
117 2057
118 2058
